0.214794386299531
0.0304864358995189
0.181108826199520
0.0364174877995254
-0.388114785300473
0.0438257486995184
0.148544215099520
-0.135653950600471
-0.0672785594004779
0.151946461699524
-0.341502000900476
0.141843179199526
0.0806830478995266
-0.197027939800478
-0.000576330000470193
0.0840840311995237
0.125764284799530
-0.237702105900482
0.0781943433995309
0.131515575999529
0.0177330054995224
0.109803669599529
-0.208028892900472
0.141115927999522
-0.00914745520047688
-0.0461956932004739
-0.210949033300480
-0.257511610600474
0.183193029499520
0.0545309729995296
-0.120057568400469
0.227336520799526
0.204247055499522
-0.0616932087004756
0.161420647999520
-0.0180615302004696
-0.0118099877004738
0.0748339604995323
0.0745070069995251
-0.185076108700471
0.0849124082995303
-0.0199544130004767
0.153037546299529
0.0367098921995250
-0.242223654600480
0.0274205508995209
0.134563126199524
-0.195156222900479
0.0638141560995251
-0.128088542300475
0.109499632199530
0.0782561047995216
0.110476785699532
0.0241224618995233
-0.449582174200472
-0.0157697312004785
-0.0209440301004804
0.168155087199523
-0.168625143900471
-0.0414124356004777
0.233078659799531
-0.000759223900473671
-0.0701863196004808
0.152463798999520
0.0726099892995222
0.0411974184995216
-0.222654263500473
0.204070374999532
-0.274498326100471
0.0708688562995263
0.138623533999521
-0.189396612900481
0.0540059301995228
0.0991160263995283
-0.135643495900482
0.233049322699529
-0.154967996400472
-0.631046417900478
-0.0779334462004755
0.153380938199518
-0.155231895300474
0.0736116841995198
-0.00645852450047357
0.141611343699523
0.0295416722995299
-0.321736905300469
-0.217625299100476
-0.0189160950004776
0.0194677688995313
-0.313642062700481
0.134496847299531
0.0573074155995244
-0.209072587400470
0.169205586999524
0.119481082599521
0.194061367399527
0.0626582642995288
-0.458475699300479
-0.472494397800475
0.171130899099524
0.160384905899519
-0.0143868728004719
-0.324650780400475
0.0772631575995320
-0.550226859300480
-0.0626761048004738
0.108108206499523
0.140159608099523
0.108501425699529
0.0999191759995313
0.103752496899531
0.103608776599529
0.168472986599525
-0.00998671270048135
-0.125462812600475
-0.00117008070047575
-0.0812177097004678
-0.0986191162004815
0.0213149108995196
0.0631004149995249
-0.583006764400480
0.0945855181995228
-0.0879035083004709
-0.793577578100468
-0.542894171900471
0.189553869999529
0.180521780899525
-0.00424665820047210
-0.125371998100476
0.0200500877995182
-0.228110993700469
0.0737166533995293
0.0158440191995197
0.156549758699526
0.0696423894995206
0.132558027199522
0.0775897087995219
-0.124140992400470
0.220779741199522
0.135866635099532
-0.174960463000474
-0.529304618300472
0.0656745672995243
0.0805166130995190
-0.00443530900047051
0.176677183199530
0.104310766599525
0.0980333244995251
0.000191290399527588
0.107555870499525
-0.196662744600474
-0.162197365900468
0.0834747983995214
0.0851487841995322
0.111727981799518
0.174598671999519
0.117171712499527
0.0731327892995211
0.0696163890995223
0.179499686299522
-0.243074504400468
0.0839834533995258
0.0157608777995222
0.0108822281995202
0.114337857299532
0.123824851599522
-0.159377405900472
0.0776320028995201
0.0653742019995320
-0.00210355500047399
0.0912588671995280
0.180848868299520
0.150250253099529
0.175843499999530
-0.320397018500472
0.0822831741995316
0.147099239499525
0.0612997872995322
-0.359024781000471
0.0542501979995222
0.116691579699520
0.164019259799531
0.0297407982995281
0.0192861675995317
0.139297769699525
0.0882705996995270
0.0950385867995323
-0.107752629300478
0.0473162408995194
-0.230748620800469
0.196552499599520
-0.119922477800472
0.0212145083995239
-0.236157846000481
0.0848690502995311
0.0904056784995220
0.0603606912995218
0.0119565401995203
-0.0113516351004677
0.0328624994995295
-0.00430806700047981
0.163563947999521
0.139620018499528
0.113107005399527
0.120860772199521
0.0808816400995198
0.0604271935995229
0.205514615299521
0.0479690408995310
-0.321254294600479
0.0632042959995260
0.120114433099531
0.0748610498995248
0.109594417499522
0.160020060899527
0.0245053195995268
0.0127019119995282
-0.277159179600474
-0.0118930425004748
0.0905430362995219
0.112444446399522
0.176573024599520
-0.293329093400473
-0.0594143153004723
-0.120330663800473
0.0153887310995202
-0.259821891800470
-0.100099102600481
0.123078455599526
0.0875035776995219
-0.0161959447004705
0.181561658799524
0.0683309792995317
-0.175586930500472
0.0293433842995228
0.0818931746995304
0.258866349699531
0.0324536610995239
0.0792430783995286
-0.0299509270004705
0.0647850729995270
-0.0914756371004728
-0.220374963100468
-0.351253467000475
0.133310589399528
0.0945419518995294
0.162259478499522
-0.0485002696004813
0.0202396279995298
0.151078609299532
-0.0650836562004713
0.0975682618995251
0.184756516799524
0.0955608516995312
-0.345798543900472
0.130781813299521
0.0711370970995233
0.0286061356995191
-0.134320615900478
0.0666438685995274
-0.148287702200477
0.0623764749995246
0.00917974739952854
0.153732945399526
-0.0767784306004700
0.156712380699531
0.0842286593995283
0.0801534656995244
-0.175097697100469
0.0300963610995240
0.0667589602995236
0.0638937947995260
0.128762529599527
0.122514236899519
-0.459801502600470
-0.0848779269004751
0.132455226399529
-0.115939519200481
0.0292607909995297
0.0382036034995252
0.0921355731995277
0.157910732199525
0.0961198541995287
-0.407369653000472
-0.0103334867004747
0.127438813299520
0.00818742489953195
-0.187620622700479
-0.343500936000481
-0.319586542700478
-0.0480417755004794
0.171385428799525
-0.0228790512004764
0.146299715599525
0.000214571699530097
-0.169738899100480
0.0906952828995316
-0.314823059400482
0.0690663116995296
0.138684729099523
0.0289694859995251
0.0985871361995265
-0.0144951174004717
0.0840272010995307
0.0608369824995236
-0.238280947000476
0.133133071799520
0.0257260253995213
0.0471222716995214
0.0483109278995215
-0.0478133367004716
0.105381771699527
0.00838750639952934
0.0177622516995228
-0.00616568070047663
0.0557430874995220
0.0898689151995313
0.0898277670995213
0.00456935089952992
-0.187953259700478
-0.0780650933004807
0.0710368142995321
-0.326853319500472
-0.0650983021004805
0.161513439599531
-0.460204786500469
0.233121549199524
0.0708891591995240
0.0491630639995293
0.141085203599530
0.0507988267995216
-0.257742885300473
-0.159807573400471
0.162493103899521
-0.0599515949004683
0.140789858899524
0.0818634856995288
0.178364036099524
0.180796084299530
0.109725847399531
0.129581550999532
0.127677284399525
-0.349510104900475
-0.122046208700468
-0.0358421192004812
0.0345309835995238
0.142012091899531
0.120857408899525
-0.167817914200469
0.0133321852995323
0.0176090675995226
-0.129430604100477
0.0292773081995250
0.169368050399527
0.0305181414995275
-0.0638441750004688
-0.113179601500477
0.166798293899532
0.0162736180995182
0.0527946769995253
0.0947584716995209
0.0311304306995197
0.0839449812995241
-0.128216936200474
0.0318150658995222
0.0139013393995242
-0.0126105156004712
0.154178962999524
0.0549426464995264
0.157239916299531
0.114192288399522
-0.0797570352004726
0.0192872869995284
-0.00926635240047347
0.123313871699523
0.199464715799522
0.109633813999523
0.0798440121995299
0.163664476699523
-0.0323856638004685
0.228455003899526
0.201880290699521
0.0487547710995244
-0.360505695900471
-0.0698146163004765
0.117355223999525
-0.111042011800478
0.0682092957995195
0.0150243247995263
0.208994546099532
0.113677161499524
0.196637127499528
0.158814903099525
-0.661821914900472
0.150469333399528
0.138941686699525
0.0665537991995251
0.0893819390995247
0.0884417451995319
0.0137149108995231
0.213352602999521
-0.101525370400481
0.0530821395995247
-0.176521198600469
-0.277691602300479
0.192398342499530
-0.0440776337004678
0.180134114299520
0.127150805699529
-0.408117371100474
0.163452714599529
0.129875337399525
-0.154658492700477
0.137662739999527
0.0801360601995214
-0.0405032024004726
-0.641784071900474
-0.0619887244004786
-0.429366463400470
0.0321311068995271
0.0350706434995232
0.0145265152995222
0.0197122699995305
-0.168454993700479
0.138859359399518
-0.475443459300479
0.110587096099522
-0.344534334300477
0.165150308599522
0.0329606993995242
-0.469759912200473
0.114620658399531
0.0290598181995279
-0.171348968100475
0.188396895999531
-0.0896583549004788
0.000743012399524901
-0.00328755900046929
0.108288636399521
0.209561755999530
0.0301214671995211
-0.450993753500470
-0.0258869862004758
-0.0199979226004814
0.119549109799522
0.0247774857995182
-0.0905169224004681
0.0460369061995323
0.212384665199522
-0.328844503800468
0.0898977736995192
0.0271398930995304
0.229546684299521
-0.119681875200470
0.0588759322995287
-0.226316561100475
-0.0777017435004694
-0.0163957016004730
0.112230149099531
0.0484490733995244
-0.278726787400473
0.0570800295995184
0.0319428944995224
0.0647721007995301
-0.0196911934004760
0.0860737926995228
0.0250292890995212
-0.0398410190004768
0.000616646799528553
0.190895887699526
0.141418897999529
0.141689574599525
-0.163957612200477
0.218269934199526
0.0779105449995257
0.112958750299526
-0.217436090200479
-0.0221392657004742
-0.119405763700470
-0.0750915142004800
-0.268576392400476
0.177774447099523
0.148076016999525
0.173641486699523
-0.245689732200475
-0.347956204000468
0.0891225799995254
0.0527641896995306
0.155183887999527
-0.335188775600471
0.0506065342995186
0.214425515599530
0.0480266013995276
0.198452532999525
-0.101006102500477
-0.00527502340047192
0.0126590006995286
-0.136667151000481
0.0251241673995253
0.168276310599524
-0.469844888900468
-0.0621168316004770
0.0821124914995295
0.143613941499524
0.0328147569995281
0.0211372392995202
-0.0479252427004724
-0.243150005300478
0.152589977999526
0.0100695815995238
0.145968968199526
-0.0293733570004804
0.180251259399526
0.123284955899521
0.0748001880995304
0.258317554099520
-0.277403643500477
0.0503778183995252
0.163231288699521
-0.106680020900470
0.116783201399528
0.0778877776995302
-0.463969193700478
-0.376284701600468
0.0809322244995201
-0.404836217200469
0.150206254899530
0.182002918699524
0.107993837699524
-0.108125807000476
0.148171155599528
-0.0332993399004806
0.190952886499531
0.0258692020995284
0.103455538899524
0.0357476143995257
0.0103473016995252
0.00511007619952864
0.157947827599529
0.0430639671995294
-0.170492062200481
0.114268020399521
0.113847543899524
0.0775385946995186
-0.492880865700471
0.123420013299523
-0.358916839900473
0.173556227899525