-0.00237104526687970
-0.000122227876879766
0.000182811093120350
0.00601037701312035
-0.00453306728687974
0.00305137660312038
0.00158848484312024
-0.00171714646687970
-0.00341591895687965
0.000193081563120368
-0.00300341725687980
0.00107669036312030
0.00143568476312028
0.00546939230312038
-0.00457373543687978
0.00300570098312036
0.00438790401312028
0.00266792298312035
0.00726948561312035
0.000197017983120329
0.00363123543312027
0.00555997883312021
0.00213073347312021
0.00351705282312031
-0.00870859439687965
-0.00608258936687967
0.00110512069312030
-0.00900382850687964
0.000677275793120380
0.00517871240312040
0.00102526127312030
-0.00594496386687982
-0.00526707042687979
0.000407234783120325
-0.00306063594687966
0.00944317068312039
-0.00555043953687973
-3.47805268796630e-05
0.00359029075312023
-0.00826249784687971
0.00508440239312025
-0.00296417869687970
-0.000510636406879650
0.00440246097312036
0.00141053049312023
-0.00757084210687964
0.00273997468312026
-0.00192955244687965
-0.00779754071687977
-0.00126872792687971
-0.00213759642687972
0.00305965794312035
0.00365646530312036
0.00172163594312025
-0.00641088012687963
-0.000824624576879707
-0.00200934243687967
-0.00281813427687960
-0.00956932922687970
0.00549983862312020
-0.00471857116687979
0.00890043724312029
-0.00517209221687964
-0.00306918052687966
0.00822879656312026
-0.00205085445687980
0.00155285345312040
0.00158706201312020
-0.00197220114687968
0.00157565786312031
1.20579231202012e-05
0.00229826299312030
0.00783514480312020
0.00750395495312040
0.00651729547312030
-0.0108750957668797
-0.00804536414687962
-0.00869372884687980
0.00186921933312023
-0.000933671256879709
-0.00185186306687979
-0.00182584803687980
0.00659861910312021
0.000741210403120363
-0.00179556797687974
0.000355648143120391
-0.00578552374687980
-0.00531164830687980
0.00483171727312026
0.00105602202312038
0.00273207767312034
0.00251257996312027
-0.00783099197687975
-0.00539803293687968
-0.00216407361687976
-0.000136667176879657
0.000858852333120330
-0.00387296412687976
-0.00584595147687961
-0.00340562028687974
-0.00137689080687964
0.0102486218131204
0.00167935718312040
0.00509169161312029
-0.00349143394687967
0.000640196233120394
-0.000318733986879760
0.00164089495312036
-0.00522728018687979
0.00339654210312035
-0.00102295937687980
0.00468165845312019
-0.00115597676687962
0.00796768006312032
0.00662086437312026
0.00680468199312023
0.00849222245312031
0.00206451504312022
-0.00105787330687979
0.00816357506312038
-0.00341661098687962
-0.00284248396687969
0.00473612090312026
-0.00540407622687966
-0.00389115681687979
0.000371389123120292
-0.00217047367687973
-0.00598151356687970
-0.00944539575687964
0.00379523692312023
0.000980398913120295
0.000498560703120266
0.00264960030312023
-0.000510507816879668
-0.000384975496879658
0.000404909763120243
0.00511482823312037
0.00378798270312020
-0.00652166480687977
-0.00302575446687969
0.00384681112312024
-0.0104203769968798
-0.00549781476687961
0.00926818924312034
0.00980285030312023
0.00249776733312035
0.00229362250312026
-0.00314547918687969
0.00506574368312029
0.00562806896312029
-0.00849453059687977
-0.00361524005687963
0.00347370893312027
0.00193222967312034
0.00137215083312037
-0.00518925913687962
0.00161265424312029
0.0113328787031204
-0.000870923636879795
-0.00246631210687975
0.00279110282312023
0.00487811122312021
0.00347708954312020
0.00787283904312019
0.00158267487312025
-0.000505082376879740
0.0104332015431203
0.00597539594312035
0.00551355777312024
-0.00728680432687967
0.00136686664312036
-0.00721757637687981
-0.00109928534687964
-0.00383337954687968
-0.00311646308687963
0.00401748833312032
0.000467640193120289
0.00103302572312036
-0.00552377380687963
-0.00115643018687961
0.00324964749312029
-0.000519928836879791
0.00130317859312035
-0.00126071637687963
0.00128977456312018
0.00103987645312031
0.00340273131312019
0.000899544143120323
0.00195245998312021
0.00327663756312036
-0.00106339570687974
-0.00349253970687968
0.00703740205312031
-0.000416973386879738
0.000882615393120290
-0.00238179430687979
0.00620436491312026
0.0136106298431202
0.00441486322312024
0.000162410403120372
-0.000230117126879703
0.00207176350312022
0.00122626746312027
-0.000751979816879800
-0.000190844796879697
0.00271611062312038
0.00406087868312022
-0.00465410098687968
0.000480219273120364
-0.00859083241687975
0.0110942037731203
-0.00157983267687967
0.00119767780312019
-0.000559299046879680
-0.00277225185687979
0.00725023213312026
-0.000204151786879603
-0.00850372155687973
0.000226811723120335
0.00139798544312031
0.00732963525312025
-0.00204604629687966
-0.000551936256879770
0.00235883751312027
-0.00215987425687980
0.00541890782312038
-0.00147676614687975
0.00377091918312034
0.00471088094312022
0.000481961693120203
-0.00854745764687981
-0.00415455515687979
0.00237417292312037
-0.00353160710687961
-0.00168081756687966
-0.00396635060687967
-0.00567047093687978
-0.000466541076879601
-0.00148963030687965
-0.00460452715687976
0.00323722901312040
0.00544775261312025
0.00390228438312024
-0.00513615126687972
0.00451277901312031
0.000618024513120208
-0.00513200331687980
7.39178312025857e-06
0.00490476804312023
0.00198097702312028
0.00125304590312036
0.00238590822312035
-0.000583713796879604
0.000903887873120235
0.000410910483120253
-0.000123022596879796
0.000804776933120310
0.00568110960312018
-0.00866061676687968
-0.00509367463687971
-0.00308164092687968
0.00178978572312039
0.0103709625731203
0.00142847808312019
-0.00183961185687975
-0.00421100816687980
0.00101844342312019
0.00174760500312021
-0.00957231928687974
0.00142121063312040
-0.00259448113687966
0.00595229535312036
0.00138286990312020
0.000732171573120333
-0.00646942588687960
0.000392549273120268
0.00226793728312025
-0.00136543703687964
0.00457017048312025
0.00980093322312037
0.00417271876312020
-0.00141874898687977
0.00679263177312039
-0.00645931243687969
0.00686940095312028
-0.00209958979687963
-0.00547232060687963
-0.00286740322687962
-0.00846314051687980
0.00729062027312022
0.000182142293120302
-0.0106797637368796
0.00134909276312034
0.000302444763120358
-0.00338487327687975
-0.00765388095687980
0.00214988792312032
-0.00743352986687973
-0.000967108436879638
0.00135357628312027
0.00757863045312024
-0.00531085443687962
0.00130786041312025
0.00144674536312039
0.00195839511312035
0.0126231635631202
0.00216518420312029
-0.00289355513687961
0.00981665234312024
0.00523643450312039
-0.00150035784687974
-7.44111368797817e-05
-0.00132388235687975
-0.00274106495687976
-0.00442750087687971
0.00124143274312027
-0.00154581189687963
0.00331813894312027
-0.00365016604687973
-0.00320174195687972
-0.00486241598687975
0.0106785950531203
-0.00616322926687962
-0.00657470448687980
-0.000161825066879784
-0.00576960384687975
-0.00493535480687979
0.00292166273312033
-0.000784385246879626
0.00143917251312020
-7.95697968796194e-05
-0.00745481459687980
0.00216335780312038
-0.0112140077168796
-0.00521398560687980
-0.00149187099687964
0.00227275190312026
-0.00330743118687971
-0.00218641762687977
0.00436551849312039
0.00175493870312038
0.00651925074312021
-0.00328505710687965
-0.00448990494687962
0.00823806770312019
0.00552499686312036
0.00243001881312033
-0.00279133147687971
0.0153867033831203
0.00153766324312032
0.00167944317312019
-0.0104334132368797
0.00310104309312020
-0.00426500971687971
0.00339775903312023
0.000335268793120402
0.000396181293120357
-0.000853443676879673
0.00171256034312028
-0.00363002055687978
0.00191263518312024
0.00154817312312039
0.00824938512312023
-0.00396182807687961
0.00270682232312036
0.00380713423312029
-0.00191852511687962
0.000210921883120330
0.00272336178312038
0.00604222230312024
-0.00248644520687980
0.00301926247312023
-0.00903299127687962
-0.0101773703768797
-0.00566686989687981
-0.00112745032687966
0.00380955436312025
-0.00108164768687979
0.00255765496312033
-0.00240328142687973
-0.00212071093687971
-0.00433297813687972
0.00385479033312031
0.000960555213120218
-0.00492174546687973
0.000865225173120265
-0.00444648470687969
-0.000141740536879764
0.00106999342312020
-0.00167608983687972
0.000631956943120349
0.00251823530312034
8.37503120187932e-07
-0.0101979981168796
0.00207220555312038
-0.00160024582687979
-0.00454265545687971
-0.00294453145687967
0.00509689899312038
-0.00176307930687969
-0.00100804844687974
-0.00527866830687973
-0.00183622352687962
-0.0101828809868798
0.00172533665312025
8.18456931201972e-05
0.00471713203312030
-0.00151070324687974
-0.00122743464687969
-0.00454986359687970
0.00465044830312023
-0.000493799746879686
0.00253112289312019
-0.00592814781687978
0.00154334875312023
-0.00717948191687978
-0.00777155405687968
-0.00137204128687962
-0.00987049847687960
0.00341539682312031
-0.00501098297687963
0.00719011200312036
0.00787469435312027
-0.00209086080687970
0.00376210028312030
-0.00877543720687979
-0.00333760180687981
-0.00410076743687982
0.00533160548312028
0.00200869090312028
-0.00336581013687964
0.00570966138312024
0.00343576739312024
-0.00970151762687976
0.00168500753312029
0.00984212881312030
-0.00184364792687974
0.0122781272931203
0.00284918512312027
-0.00588577840687976
-0.00156032157687980
-0.00675504905687974
0.00525829602312022
-0.00513422251687978
0.000293333623120340
-0.00228776284687982
0.000678693603120228
0.00339807391312030
-0.00513344487687961
-0.00954406442687961
0.00528466551312024
0.00998732396312030
-0.00418679721687965
0.00617914284312038
0.00570962681312026
-0.00320075584687962
0.00109997880312029
0.00699942798312025
0.00415924437312021
0.00538671162312032
-0.00458398614687972
0.00435554593312038
-0.00299645211687971
0.00700158251312022
0.00935868371312032
0.00599380747312028
0.00193411384312037
-0.00378406143687982
-0.00788269140687969
-0.00833519639687963
0.00479330460312033
-0.00305309395687980
-0.00772544081687965
-0.00692511788687966
0.000643830603120232
0.00790665502312038
-0.00696042235687977
-0.00384801496687981
-0.00158238386687981
0.00148310148312025
-0.00182834352687977
-0.00392375147687973
0.00281196534312023
-0.00419536614687965
-0.00272894112687960
-0.00511902769687977
0.00157336338312031
0.00395833353312036
0.00534203680312029
0.00288105850312026
0.00731118742312020
-0.00727455146687972
-0.00273441367687965
-0.00188929351687972
0.00375906994312025
0.00436835176312034
-0.00866701031687978
0.00534148243312038
0.00142593170312022
-0.0115307113268797
-0.00577538592687965
0.00462790578312022
0.00208812182312035
0.000869486803120267
0.00178592276312028
-0.000398830636879621
0.00705589012312036
-0.00476852008687967
0.000178633743120216
0.00462494669312030
-0.000765200036879632
-0.00493814004687976
0.00113116715312023
-0.000233405466879777
-0.00132198268687977
-0.00732729039687974
0.0113654756031203
-0.00237417213687974
-0.00321765134687979
0.00729538667312024
0.00118734467312032
0.0109310204231203
-0.00657395013687978
-0.00759111023687975
0.00434918696312026
-0.00728896995687967
-0.00168035463687977
-0.00870982932687969
0.000757960793120294
-0.00463525067687964
-0.00216281732687973
0.00336381509312034
-0.00808530886687975
0.00673470939312026
0.00362524137312037
0.00503806536312035
-0.00539155082687981
0.00147705252312025
0.000159249033120368
0.00496927687312021
0.00216972740312027
0.000651707453120265
0.000947139453120194
-0.00446318524687972
-0.00799408994687978
0.000555698903120350
-0.00285333897687967
-0.000459416016879599